赤月技能书	0|0	0|0	0|0	1|20000	0|0	0|0	0|0	0|0	
赤月装备	1|50000	0|0	0|0	0|0	0|0	1|20	0|0	0|0	
高级材料	0|0	0|0	0|0	1|10000	0|0	0|0	0|0	0|0	
高级技能书	0|0	0|0	0|0	1|5000	0|0	0|0	0|0	0|0	
火龙装备	1|200000	0|0	0|0	0|0	0|0	1|150	0|0	0|0	
垃圾材料	0|0	0|0	0|0	1|100	0|0	0|0	0|0	0|0	
垃圾技能书	0|0	0|0	0|0	1|500	0|0	0|0	0|0	0|0	
垃圾装备	0|0	0|0	0|0	1|1000	0|0	0|0	0|0	0|0	
魔龙技能书	0|0	0|0	0|0	1|50000	0|0	0|0	0|0	0|0	
魔龙装备	1|80000	0|0	0|0	0|0	0|0	1|30	0|0	0|0	
前期装备	0|0	0|0	0|0	1|8000	0|0	0|0	0|0	0|0	
特殊戒指	1|50000	0|0	0|0	0|0	0|0	1|20	0|0	0|0	
沃玛装备	1|5000	0|0	0|0	1|10000	0|0	0|0	0|0	0|0	
雪域技能书	0|0	0|0	0|0	1|100000	0|0	0|0	0|0	0|0	
雪域装备	1|100000	0|0	0|0	0|0	0|0	1|80	0|0	0|0	
一般技能书	0|0	0|0	0|0	1|2000	0|0	0|0	0|0	0|0	
祖玛装备	1|8000	0|0	0|0	1|30000	0|0	0|0	0|0	0|0	
