1	基本剑术	0	1	1
1	攻杀剑术	0	1	1
1	刺杀剑术	0	1	1
1	半月弯刀	0	1	1
1	野蛮冲撞	0	1	1
1	烈火剑法	0	1	1
1	火球术	0	1	1
1	抗拒火环	0	1	1
1	诱惑之光	0	1	1
1	地狱火	0	1	1
1	雷电术	0	1	1
1	瞬息移动	0	1	1
1	大火球	0	1	1
1	爆裂火焰	0	1	1
1	火墙	0	1	1
1	疾光电影	0	1	1
1	地狱雷光	0	1	1
1	魔法盾	0	1	1
1	圣言术	0	1	1
1	冰咆哮	0	1	1
1	治愈术	0	1	1
1	精神力战法	0	1	1
1	施毒术	0	1	1
1	灵魂火符	0	1	1
1	召唤骷髅	0	1	1
1	隐身术	0	1	1
1	集体隐身术	0	1	1
1	幽灵盾	0	1	1
1	神圣战甲术	0	1	1
1	心灵启示	0	1	1
1	困魔咒	0	1	1
1	群体治疗术	0	1	1
1	召唤神兽	0	1	1
5	青铜头盔	0	1	1
5	魔法头盔	0	1	1
5	道士头盔	0	1	1
5	骷髅头盔	0	1	1
5	黑铁头盔	0	1	1
5	精灵头盔	0	1	1
5	金项链	0	1	1
5	传统项链	0	1	1
5	白金项链	0	1	1
5	黄色水晶项链	0	1	1
5	黑檀项链	0	1	1
5	黑色水晶项链	0	1	1
5	白色虎齿项链	0	1	1
5	琥珀项链	0	1	1
5	魔鬼项链	0	1	1
5	凤凰明珠	0	1	1
5	灯笼项链	0	1	1
5	蓝翡翠项链	0	1	1
5	竹笛	0	1	1
5	放大镜	0	1	1
5	幽灵项链	0	1	1
5	生命项链	0	1	1
5	天珠项链	0	1	1
5	绿色项链	0	1	1
5	恶魔铃铛	0	1	1
5	灵魂项链	0	1	1
5	技巧项链	0	1	1
5	狂风项链	0	1	1
5	探测项链	0	1	1
5	祈福项链	0	1	1
5	躲避手链	0	1	1
5	铁手镯	0	1	1
5	小手镯	0	1	1
5	银手镯	0	1	1
5	大手镯	0	1	1
5	钢手镯	0	1	1
5	皮制手套	0	1	1
5	夏普儿手镯	0	1	1
5	坚固手套	0	1	1
5	魔法手镯	0	1	1
5	避邪手镯	0	1	1
5	黑檀手镯	0	1	1
5	道士手镯	0	1	1
5	死神手套	0	1	1
5	金手镯	0	1	1
5	铂金手镯	0	1	1
5	幽灵手套	0	1	1
5	思贝儿手镯	0	1	1
5	心灵手镯	0	1	1
5	阎罗手套	0	1	1
5	黑铁手套	0	1	1
5	骑士手镯	0	1	1
5	龙之手镯	0	1	1
5	三眼手镯	0	1	1
5	古铜戒指	0	1	1
5	六角戒指	0	1	1
5	玻璃戒指	0	1	1
5	牛角戒指	0	1	1
5	生铁戒指	0	1	1
5	蓝色水晶戒指	0	1	1
5	黑色水晶戒指	0	1	1
5	蛇眼戒指	0	1	1
5	珍珠戒指	0	1	1
5	金戒指	0	1	1
5	骷髅戒指	0	1	1
5	魅力戒指	0	1	1
5	道德戒指	0	1	1
5	降妖除魔戒指	0	1	1
5	珊瑚戒指	0	1	1
5	龙之戒指	0	1	1
5	红宝石戒指	0	1	1
5	铂金戒指	0	1	1
5	力量戒指	0	1	1
5	紫碧螺	0	1	1
5	泰坦戒指	0	1	1
5	狂风戒指	0	1	1
5	传送戒指	0	1	1
5	护身戒指	0	1	1
5	防御戒指	0	1	1
5	麻痹戒指	0	1	1
5	活力戒指	0	1	1
5	火焰戒指	0	1	1
5	复活戒指	0	1	1
5	隐身戒指	0	1	1
5	求婚戒指	0	1	1
3	布衣(男)	0	1	1
3	布衣(女)	0	1	1
3	轻型盔甲(男)	0	1	1
3	轻型盔甲(女)	0	1	1
3	中型盔甲(男)	0	1	1
3	中型盔甲(女)	0	1	1
3	重盔甲(男)	0	1	1
3	重盔甲(女)	0	1	1
3	魔法长袍(男)	0	1	1
3	魔法长袍(女)	0	1	1
3	灵魂战衣(男)	0	1	1
3	灵魂战衣(女)	0	1	1
3	战神盔甲(男)	0	1	1
3	战神盔甲(女)	0	1	1
3	恶魔长袍(男)	0	1	1
3	恶魔长袍(女)	0	1	1
3	幽灵战衣(男)	0	1	1
3	幽灵战衣(女)	0	1	1
3	钢盔甲(男)	0	1	1
3	钢盔甲(女)	0	1	1
3	圣龙魔袍(男)	0	1	1
3	圣龙魔袍(女)	0	1	1
3	泰坦战衣(男)	0	1	1
3	泰坦战衣(女)	0	1	1
4	木剑	0	1	1
4	匕首	0	1	1
4	乌木剑	0	1	1
4	青铜剑	0	1	1
4	短剑	0	1	1
4	铁剑	0	1	1
4	鹤嘴锄	0	1	1
4	青铜斧	0	1	1
4	罗刹	0	1	1
4	八荒	0	1	1
4	海魂	0	1	1
4	半月	0	1	1
4	凌风	0	1	1
4	偃月	0	1	1
4	破魂	0	1	1
4	降魔	0	1	1
4	斩马刀	0	1	1
4	修罗	0	1	1
4	凝霜	0	1	1
4	炼狱	0	1	1
4	魔杖	0	1	1
4	银蛇	0	1	1
4	井中月	0	1	1
4	无极棍	0	1	1
4	裁决之杖	0	1	1
4	骨玉权杖	0	1	1
4	龙纹剑	0	1	1
4	血饮	0	1	1
4	屠龙	0	1	1
4	嗜魂法杖	0	1	1
4	命运之刃	0	1	1
4	破馆珍剑	0	1	1
4	赤血魔剑	0	1	1
4	霸者之刃	0	1	1
5	神秘戒指	0	1	1
5	神秘腰带	0	1	1
5	神秘头盔	0	1	1
5	魔血戒指	0	1	1
5	魔血手镯	0	1	1
5	魔血项链	0	1	1
5	虹魔戒指	0	1	1
5	虹魔手镯	0	1	1
5	虹魔项链	0	1	1
5	命运戒指	0	1	1
5	命运手镯	0	1	1
5	命运项链	0	1	1
5	魔力戒指	0	1	1
5	魔力手镯	0	1	1
5	魔力项链	0	1	1
5	记忆头盔	0	1	1
5	记忆项链	0	1	1
5	记忆手镯	0	1	1
5	记忆戒指	0	1	1
5	祈祷头盔	0	1	1
4	祈祷之刃	0	1	1
5	祈祷手镯	0	1	1
5	祈祷项链	0	1	1
5	祈祷戒指	0	1	1
4	龙牙	0	1	1
4	怒斩	0	1	1
4	逍遥扇	0	1	1
5	圣战头盔	0	1	1
5	圣战项链	0	1	1
5	圣战手镯	0	1	1
5	圣战戒指	0	1	1
5	法神头盔	0	1	1
5	法神项链	0	1	1
5	法神手镯	0	1	1
5	法神戒指	0	1	1
5	天尊头盔	0	1	1
5	天尊项链	0	1	1
5	天尊手镯	0	1	1
5	天尊戒指	0	1	1
3	天魔神甲	0	1	1
3	圣战宝甲	0	1	1
3	法神披风	0	1	1
3	霓裳羽衣	0	1	1
3	天尊道袍	0	1	1
3	天师长袍	0	1	1
1	金条	0	1	1
1	金砖	0	1	1
1	金盒	0	1	1
7	蜡烛	0	1	1
7	火把	0	1	1
7	火炬	0	1	1
1	肉	0	1	1
1	鸡肉	0	1	1
2	干肉	0	1	1
1	食人树叶	0	1	1
1	食人树的果实	0	1	1
1	毒蜘蛛牙齿	0	1	1
1	蝎子的尾巴	0	1	1
1	蛆卵	0	1	1
1	祝福油	0	1	1
1	修复油	0	1	1
1	战神油	0	1	1
1	回城卷	0	1	1
1	回城卷包	0	1	1
1	随机传送卷	0	1	1
1	地牢逃脱卷	0	1	1
1	行会回城卷	0	1	1
1	随机传送卷包	0	1	1
1	地牢逃脱卷包	0	1	1
1	行会回城卷包	0	1	1
2	护身符	0	1	1
2	护身符(大)	0	1	1
2	超级护身符	0	1	1
2	金创药(小量)	0	1	1
2	魔法药(小量)	0	1	1
2	金创药(中量)	0	1	1
2	魔法药(中量)	0	1	1
2	强效金创药	0	1	1
2	强效魔法药	0	1	1
1	金创药(小)包	0	1	1
1	魔法药(小)包	0	1	1
1	金创药(中)包	0	1	1
1	魔法药(中)包	0	1	1
1	超级金创药	0	1	1
1	超级魔法药	0	1	1
2	灰色药粉(少量)	0	1	1
2	黄色药粉(少量)	0	1	1
2	灰色药粉(中量)	0	1	1
2	黄色药粉(中量)	0	1	1
2	灰色药粉(大量)	0	1	1
2	黄色药粉(大量)	0	1	1
2	超级灰色药粉	0	1	1
2	超级黄色药粉	0	1	1
2	太阳水	0	1	1
2	强效太阳水	0	1	1
2	万年雪霜	0	1	1
2	疗伤药	0	1	1
1	强效太阳水包	0	1	1
1	万年雪霜包	0	1	1
1	疗伤药包	0	1	1
1	攻击力药水	0	1	1
1	魔法力药水	0	1	1
1	精神力药水	0	1	1
1	疾风药水	0	1	1
1	HP强化药水	0	1	1
1	MP强化药水	0	1	1
2	鹿血	0	1	1
2	鹿茸	0	1	1
1	铜矿	0	1	1
1	铁矿	0	1	1
1	银矿	0	1	1
1	金矿	0	1	1
1	黑铁矿石	0	1	1
1	沃玛号角	0	1	1
1	祖玛头像	0	1	1
1	山洞凭证	0	1	1
1	筹码	0	1	1
1	筹码包	0	1	1
1	佛牌	0	1	1
1	骰子	0	1	1
1	木材	0	1	1
1	彩票	0	1	1
2	神水	0	1	1
1	命运之书	0	1	1
1	介绍信	0	1	1
1	薄荷叶	0	1	1
1	药剂师的信	0	1	1
2	许中医的药1	0	1	1
2	许中医的药2	0	1	1
2	许中医的药3	0	1	1
1	血剑碎片	0	1	1
1	特殊药水	0	1	1
1	水晶	0	1	1
1	邪恶巨人心脏	0	1	1
1	赤月恶魔油	0	1	1
1	苹果	0	1	1
2	鸡蛋糕	0	1	1
1	银贝壳	0	1	1
1	蜘蛛线	0	1	1
1	幻境凭证	0	1	1
7	布鞋	0	1	1
7	兽皮腰带	0	1	1
1	双倍卷轴	0	1	1
1	攻击神水	0	1	1
7	荣誉勋章11号	0	1	1
7	荣誉勋章12号	0	1	1
7	荣誉勋章13号	0	1	1
7	荣誉勋章14号	0	1	1
7	荣誉勋章15号	0	1	1
7	荣誉勋章21号	0	1	1
7	荣誉勋章22号	0	1	1
7	荣誉勋章23号	0	1	1
7	荣誉勋章24号	0	1	1
7	荣誉勋章25号	0	1	1
7	荣誉勋章31号	0	1	1
7	荣誉勋章32号	0	1	1
7	荣誉勋章33号	0	1	1
7	荣誉勋章34号	0	1	1
7	荣誉勋章35号	0	1	1
7	荣誉勋章41号	0	1	1
7	荣誉勋章42号	0	1	1
7	荣誉勋章43号	0	1	1
7	荣誉勋章44号	0	1	1
7	荣誉勋章45号	0	1	1
7	荣誉勋章51号	0	1	1
7	荣誉勋章52号	0	1	1
7	荣誉勋章53号	0	1	1
7	荣誉勋章54号	0	1	1
7	荣誉勋章55号	0	1	1
1	魔血石	0	1	1
1	金币	0	1	1
7	鹿皮靴	0	1	1
7	紫绸靴	0	1	1
7	避魂靴	0	1	1
7	铁腰带	0	1	1
7	青铜腰带	0	1	1
7	钢铁腰带	0	1	1
3	雷霆战甲(男)	0	1	1
3	雷霆战甲(女)	0	1	1
5	雷霆项链	0	1	1
5	雷霆护腕	0	1	1
5	雷霆战戒	0	1	1
7	雷霆腰带	0	1	1
7	雷霆战靴	0	1	1
3	烈焰魔衣(男)	0	1	1
3	烈焰魔衣(女)	0	1	1
5	烈焰项链	0	1	1
5	烈焰护腕	0	1	1
5	烈焰魔戒	0	1	1
7	烈焰腰带	0	1	1
7	烈焰魔靴	0	1	1
3	光芒道袍(男)	0	1	1
3	光芒道袍(女)	0	1	1
5	光芒项链	0	1	1
5	光芒护腕	0	1	1
5	光芒道戒	0	1	1
7	光芒腰带	0	1	1
7	光芒道靴	0	1	1
4	开天	0	1	1
4	镇天	0	1	1
4	玄天	0	1	1
3	凤天魔甲	0	1	1
3	凰天魔衣	0	1	1
5	战神项链	0	1	1
5	战神手镯	0	1	1
5	战神戒指	0	1	1
5	圣魔项链	0	1	1
5	圣魔手镯	0	1	1
5	圣魔戒指	0	1	1
5	真魂项链	0	1	1
5	真魂手镯	0	1	1
5	真魂戒指	0	1	1
7	圣战纹章	0	1	1
7	法神纹章	0	1	1
7	天尊纹章	0	1	1
7	银星勋章(战)	0	1	1
7	银星勋章(法)	0	1	1
7	银星勋章(道)	0	1	1
1	狮子吼	0	1	1
1	寒冰掌	0	1	1
1	灭天火	0	1	1
1	气功波	0	1	1
1	无极真气	0	1	1
5	圣龙盔	0	1	1
5	魔龙盔	0	1	1
5	天龙盔	0	1	1
4	龙骨刀	0	1	1
3	龙骨甲(男)	0	1	1
3	龙骨甲(女)	0	1	1
5	龙骨链	0	1	1
5	龙骨镯	0	1	1
5	龙骨戒	0	1	1
5	龙骨盔	0	1	1
1	龙鳞	0	1	1
1	无字天书	0	1	1
