;---------------------------------------------------------------------------------------------------------
;调用文件	                地图	X	Y	姓名    	范围	形象	代码	
;---------------------------------------------------------------------------------------------------------
银杏村/助手小敏                 0       628     601     助手小敏        0       6       0       0       0
银杏村/屠夫	            	0	649	591	屠夫		0	11	0	0	0
银杏村/穆家店	        	0	621	642	穆家店老板	0	6	0	0	0
银杏村/杂货铺	             	0	643	611	陈家铺老板	0	3	0	0	0
银杏村/武器店	        	0	649	602	精武馆老板	0	0	0	0	0
银杏村/服饰店	          	0	643	601	高家店老板	0	7	0	0	0
银杏村/药店	        	0119	10	11	许中医		0	1	0	0	0
银杏村/炼药	        	0119	14	14	药剂师  	0	9	0	0	0
;---------------------------------------------------------------------------------------------------------
边界村/助手阿妍                 0       284     606     助手阿妍        0       6       0       0       0
边界村/屠夫                     0	293	603	屠夫	        0	11	0       0       0
边界村/药店	        	0	291	610	边界村小店老板	0	1	0	0	0
边界村/武器店	         	0	297	612	边界村铁匠铺	0	0	0	0	0
边界村/服饰店	         	0	305	607	白家服装老板	0	7	0	0	0
边界村/项链店	        	0141	10	10	项链店老板	0	6	0	0	0
边界村/手镯店	         	0141	16	16	手镯店老板	0	5	0	0	0
边界村/戒指店	        	0141	23	23	戒指店老板	0	4	0	0	0
边界村/仓库	        	0140	8	9	仓库保管员	0	9	0	0	0
边界村/书店	        	0132	5	18	朴家书屋老板	0	2	0	0	0
;---------------------------------------------------------------------------------------------------------
比奇城/屠夫	        	0	313	271	屠夫		0	4	0	0	0
比奇城/屠夫	        	0102	9	7	屠夫金氏	0	11	0	0	0
比奇城/药店	         	0	324	291	夏家店		0	5	0	0	0
比奇城/药店	          	0108	7	7	赖家店老板	0	1	0	0	0
比奇城/炼药	        	0109	4	8	沓水店老板	0	9	0	0	0
比奇城/书店	        	0	325	250	比奇书店	0	2	0	0	0
比奇城/书店	         	0104	5	8	陈家铺子老板	0	2	0	0	0
比奇城/仓库	        	0	301	257	仓库保管员	0	6	0	0	0
比奇城/仓库	         	0125	8	6	麦家铺子	0	9	0	0	0
比奇城/商人	        	0126	10	10	商人		0	9	0	0	0
比奇城/杂货铺	        	0	378	298	杂货铺老板	0	3	0	0	0
比奇城/彩票员	        	0	298	317	彩票员		0	3	0	0	0
比奇城/武器店	        	0103	19	18	卫家店		0	1	0	0	0
比奇城/项链店	        	0105	6	18	项链店		0	6	0	0	0
比奇城/手镯店	          	0105	12	12	手镯店		0	5	0	0	0
比奇城/戒指店	          	0105	18	6	戒指店		0	4	0	0	0
比奇城/服饰店	         	0106	19	6	安家布衣	0	7	0	0	0
比奇城/美容师	         	0107	2	11	美容师  	0	7	0	0	0
比奇城/铁匠	           	0	302	219	铁匠铺老板	0	0	0	0	0
比奇城/老兵	         	0	330	270	比奇老兵	0	1	0	0	0
比奇城/武馆教头	        	0137	21	11	武馆教头	0	15	0	0	0
比奇城/武馆教头	        	0	327	360	武馆教头	0	15	0	0	0
比奇城/黄飞龙           	0111	7	11	黄飞龙	        0	3	0       0       0
比奇城/海边老兵          	0	107	415	海边老兵        0	1	0       0       0
比奇城/高级武士	         	0114	14	9	高级武士	0	3	0	0	0
比奇城/高级武士         	01141	14	9	高级武士	0	3	0       0       0
比奇城/高级武士         	01142	11	10	高级武士	0	3	0       0       0
比奇城/高级道士	        	0113	7	5	高级道士	0	3	0	0	0
比奇城/踏云尊者	        	0113	8	8	踏云尊者	0	14	0	0	0
比奇城/高级道士         	01132	11	10	高级道士	0	3	0       0       0
比奇城/高级魔法师       	0115	5	11	高级魔法师	0	3	0	0	0
比奇城/高级魔法师       	01152	11	10	高级魔法师	0	3	0       0       0
比奇城/网络文明宣传员    	0	326	261	网络文明宣传员	0	5	0	0	0
比奇城/天下第一男战士           0       359     239     A35             0       35	0	0	0
比奇城/天下第一女战士           0       354     234     A36             0       36	0	0	0
比奇城/天下第一男法师           0       365     233     A37             0       37	0	0	0
比奇城/天下第一女法师           0       360     228     A38             0       38	0	0	0
比奇城/天下第一男道士           0       362     236     A39             0       39	0	0	0
比奇城/天下第一女道士           0       357     231     A40             0       40	0	0	0
;---------------------------------------------------------------------------------------------------------
沃玛森林/孤独老人       	1       95      286	老人    	0	9	0	0	0
沃玛森林/安家铺子老板   	1	314	72	安家铺子老板	0	0	0	0	0
沃玛森林/合家药店老板   	1	309	81	合家药店老板	0	4	0	0	0
沃玛森林/老人	        	1	235	305	老人		0	9	0	0	0
沃玛森林/老兵	        	1	55	164	老兵		0	1	0	0	0
;---------------------------------------------------------------------------------------------------------
毒蛇山谷/铁匠	        	2	518	492	铁匠		0	0	0	0	0
毒蛇山谷/铁匠	        	0120	7	8	朴铁匠		0	0	0	0	0
毒蛇山谷/药店	        	2	505	497	药铺老板	0	1	0	0	0
毒蛇山谷/药店	        	0117	4	10	薄家药铺老板	0	1	0	0	0
毒蛇山谷/杂货店 		2	505	479	罗家铺子老板	0	3	0	0	0
毒蛇山谷/服饰店	        	2	517	477	米家服装老板	0	7	0	0	0
毒蛇山谷/仓库	        	2	517	466	仓库保管员	0	5	0	0	0
毒蛇山谷/神秘老人       	2	515	464	神秘老人	0	9	0	0	0
毒蛇山谷/入场处	        	2	450	300	入场员		0	2	0	0	0
毒蛇山谷/逃离点	        	F003	41	41	退场员		0	2	0	0	0
;---------------------------------------------------------------------------------------------------------
盟重城/肉店       		3	355	329	黄家肉店老板	0	11	0	0	0
盟重城/药店         		3	361	335	药店		0	1	1	0	0
盟重城/仓库	        	3	305	373	悦来客栈老板	0	6	0	0	0
盟重城/仓库	         	0145	9	12	仓库保管员	0	9	0	0	0
盟重城/商人             	0146	4	11	商人    	0	9	0	0	0
盟重城/勋章守护人         	0146	5	10	勋章守护人	0	1	0	0	0
盟重城/服饰店	         	0149	23	20	张家布店老板	0	7	0	0	0
盟重城/头盔店	        	0149	8	5	老张头盔店	0	5	0	0	0
盟重城/手套店	        	0149	11	18	手套店老板	0	4	0	0	0
盟重城/手镯店	        	0158	16	11	手镯店		0	6	0	0	0
盟重城/戒指店	        	0158	11	16	戒指店		0	5	0	0	0
盟重城/项链店	          	0158	4	21	项链店		0	4	0	0	0
;盟重城/回收商人	         	0158	17	17	回收商人	0	17	0	0	0
盟重城/武器店	        	0159	5	9	铁匠铺		0	0	0	0	0
盟重城/书店	        	0161	11	16	书店		0	2	0	0	0
盟重城/杂货铺	        	3	346	334	流浪汉		0	3	0	0	0
盟重城/彩票员	          	3	284	343	彩票员		0	3	0	0	0
盟重城/药店	        	0160	5	8	罗家铺子老板	0	1	0	0	0
盟重城/林小姐	         	0148	10	9	林小姐		0	13	0	0	0
盟重城/小贩	        	3	855	661	陶氏		0	3	0	0	0
盟重城/占星法师         	3	850	662	占星法师	0	9	0       0       0
盟重城/武馆教头	        	3	286	341	武馆教头	0	15	0	0	0
盟重城/老兵	        	3	325	325	盟重老兵	0	1	0	0	0
盟重城/网络文明宣传员     	3	297	302	网络文明宣传员	0	5	0	0	0
盟重城/装备随机摇大王     	3	342	342	装备随机摇大王	0	27	0	0	0
;盟重城/公告牌	        	3	339	335	公告牌		0	49      1       0       0
盟重城/龙影                     f006    102     96      龙影            0       20      0       0       0
;---------------------------------------------------------------------------------------------------------
沙巴克/杂货铺	        	3	663	304	小贩		0	3	1	0	0
沙巴克/屠夫	        	3	659	301	屠夫		0	1	1	0	0
沙巴克/特殊修理                 0151    3       19      铁匠铺          0       0       1       0       0
沙巴克/武器店	        	0151	7	14	武器铺		0	0	1	0	0
沙巴克/武器升级	        	0151	12	10	兵器店老板	0	0	1	0	0
沙巴克/商人	        	0152	4	15	商人		0	9	1	0	0
沙巴克/仓库	          	0152	7	12	仓库保管员	0	6	1	0	0
沙巴克/药店	         	0153	14	7	药店老板	0	1	1	0	0
沙巴克/炼药	        	0153	7	14	炼药老板	0	6	1	0	0
沙巴克/项链店	        	0154	3	18	项链店老板	0	6	1	0	0
沙巴克/戒指店	         	0154	10	15	戒指店老板	0	5	1	0	0
沙巴克/手镯店	        	0154	14	7	手镯店老板	0	6	1	0	0
沙巴克/服饰店	         	0155	13	7	布店老板	0	7	1	0	0
沙巴克/头盔店	        	0155	9	11	头盔店老板	0	5	1	0	0
沙巴克/白日门来客       	D701	101	157	白日门来客	0	20	0	0	0
;---------------------------------------------------------------------------------------------------------
白日门/仓库	        	11	184	297	仓库保管	0	10	0	0	0
白日门/特殊修理师傅        	11	203	321	特殊修理师傅	0	23	0	0	0
白日门/武器店	        	1001	14	12	武器店老板	0	15	0	0	0
白日门/天尊	        	11	225	272	天尊		0	14	0	0	0
白日门/季正             	D10061  11      16      季正            0       15      0	0	0
白日门/服饰店	         	1003	13	16	服装店老板	0	23	0	0	0
白日门/书店	        	1004	9	11	书店		0	18	0	0	0
白日门/首饰店	          	1005	9	11	首饰店		0	20	0	0	0
白日门/药店	        	1006	11	8	药店老板	0	25	0	0	0
白日门/药剂师	        	1006	9	10	药剂师		0	22	0	0	0
白日门/杂货铺	        	1007	11	14	杂货店		0	17	0	0	0
白日门/道术学员1        	11	191	329	道术学员	0	21	0	0	0
白日门/道术学员2        	11	189	327	道术学员	0	21	0	0	0
白日门/道术学员3        	11	191	325	道术学员	0	21	0	0	0
白日门/道术学员4        	11	193	327	道术学员	0	21	0	0	0
白日门/道术学员5        	11	195	325	道术学员	0	21	0	0	0
白日门/道术学员6         	11	193	323	道术学员	0	21	0	0	0
白日门/道术教头         	11	196	322	道术教头	0	24	0	0	0
白日门/武术教头	                11	182	308	武术教头	0	16	0	0	0
白日门/武术学员1                11      179	309	武术学员	0	19	0	0	0
白日门/武术学员2         	11	181	311	武术学员	0	19	0	0	0
白日门/武术学员3        	11	179	313	武术学员	0	19	0	0	0
白日门/武术学员4        	11	177	311	武术学员	0	19	0	0	0
白日门/武术学员5        	11	175	313	武术学员	0	19	0	0	0
白日门/武术学员6 	        11	177	315	武术学员	0	19	0	0	0
白日门/向导	        	11	186	299	向导		0	15	0	0	0
白日门/白日门勇士	        12	95	17	白日门勇士	0	15	0	0	0
白日门/白日门勇士	        D1002	266	49	白日门勇士	0	15	0	0	0
白日门/白日门勇士	        D1004	67	230	白日门勇士	0	15	0	0	0
;---------------------------------------------------------------------------------------------------------
封魔谷/沃玛教主          	b341	17	22	沃玛教主	0	27	0	0	0
封魔谷/杂货铺	        	4	255	224	恶魔杂货匠	0	17	0	0	0
封魔谷/屠夫	        	4	243	187	恶魔屠夫	0	11	0	0	0
封魔谷/武器店	        	4	227	223	恶魔铁匠	0	0	0	0	0
封魔谷/武器店	        	b342	14	7	恶魔铁匠铺	0	0	0	0	0
封魔谷/炼药     		b343	14	10	恶魔炼药师	0	9	0	0	0
封魔谷/药店        		b343	9	13	恶魔药剂师	0	4	0	0	0
封魔谷/书店	        	b343	5	18	恶魔学者	0	2	0	0	0
封魔谷/首饰店	        	b344	13	10	恶魔首饰老板	0	5	0	0	0
封魔谷/服饰店	        	b345	12	10	恶魔布衣老板	0	6	0	0	0
封魔谷/仓库	        	b347	9	10	恶魔保管员	0	5	0	0	0
封魔谷/修理师    		d2008	31	24	恶魔修理师	0	0	0	0	0
封魔谷/老兵	        	4	238	196	恶魔老兵	0	208	0	0	0
封魔谷/老人	        	4	262	265	恶魔老人	0	9	0	0	0
封魔谷/骷髅精灵                 4	216	220	骷髅精灵	0	207	0	0	0
封魔谷/骷髅战将1                4	211	221	骷髅战将	0	203	0	0	0
封魔谷/骷髅战将2                4	212	222	骷髅战将	0	203	0	0	0
封魔谷/骷髅战将3                4	214	224	骷髅战将	0	203	0	0	0
封魔谷/骷髅战将4                4	215	225	骷髅战将	0	203	0	0	0
封魔谷/骷髅战士1                4	213	227	骷髅战士	0	202	0	0	0
封魔谷/骷髅战士2                4	212	226	骷髅战士	0	202	0	0	0
封魔谷/骷髅战士3                4	210	224	骷髅战士	0	202	0	0	0
封魔谷/骷髅战士4                4	209	223	骷髅战士	0	202	0	0	0
封魔谷/掷斧骷髅1                4	207	225	掷斧骷髅	0	201	0	0	0
封魔谷/掷斧骷髅2                4	208	226	掷斧骷髅	0	201	0	0	0
封魔谷/掷斧骷髅3                4	210	228	掷斧骷髅	0	201	0	0	0
封魔谷/掷斧骷髅4                4	211	229	掷斧骷髅	0	201	0	0	0
封魔谷/骷髅1                    4	209	231	骷髅    	0	200	0	0	0
封魔谷/骷髅2                    4	208	230	骷髅    	0	200	0	0	0
封魔谷/骷髅3                    4	206	228	骷髅    	0	200	0	0	0
封魔谷/骷髅4                    4	205	227	骷髅     	0	200	0	0	0
;---------------------------------------------------------------------------------------------------------
苍月岛/杂货铺   		5	137	313	杂货店		0	3	0	0	0
苍月岛/书店     		5	155	298	书店		0	2	0	0	0
苍月岛/武器店   		5	127	306	武器店老板	0	1	0	0	0
苍月岛/首饰店    		5	155	339	首饰店		0	4	0	0	0
苍月岛/服饰店    		5	145	329	服装店老板	0	7	0	0	0
苍月岛/仓库     		5	126	332	仓库保管员	0	3	0	0	0
苍月岛/药店     		5	148	352	药铺老板	0	1	0	0	0
苍月岛/炼药     		5	161	314	药剂师		0	9	0	0	0
苍月岛/老兵     		5	139	326	海岛老兵	0	1	0	0	0
苍月岛/天虹法师    		5	118	366	天虹法师	0	24	0	0	0
;---------------------------------------------------------------------------------------------------------
魔龙城/杂货店	        	6	138	154	魔龙城杂货店	0	17	0	0	0
魔龙城/药店			6	129	143	魔龙城药店	0	22	0	0	0
魔龙城/守卫			GA1	15	25	魔龙城守卫	0	15	0	0	0
魔龙城/武器店			6	106	136	魔龙城武器店	0	28	0	0	0
魔龙城/首饰店			6	113	126	魔龙城首饰店	0	20	0	0	0
魔龙城/仓库			6	94	156	仓库管理员	0	17	0	0	0
魔龙城/服装店			6	108	162	魔龙城服装店	0	20	0	0	0
魔龙城/老兵			6	125	157	魔龙城老兵		0	1	0	0
魔龙城/向导			63	254	40	向导		0	15	0	0	0
魔龙城/仓库			63	256	42	仓库保管员	0	5	0	0	0
;---------------------------------------------------------------------------------------------------------
其它区域/石墓_武器店     	D71650	23	27	武器店老板	0	0	0	0	0
其它区域/石墓_衣服店     	D71651	23	27	衣服店老板	0	7	0	0	0
其它区域/石墓_首饰店     	D71652	23	27	首饰店老板	0	5	0	0	0
其它区域/石墓_药店       	D71653	23	27	药品店老板	0	3	0	0	0
其它区域/石墓_合成师     	R001	53	115	合成师		0	15	0	0	0
其它区域/石墓_神秘老人   	R001	21	84	神秘老人	0	9	0	0	0
其它区域/石墓_论武尊     	R001	100	93	论武尊  	0	9	0	0	0
其它区域/图书馆_特修    	D514	19	25	服装小贩	0	3	0	0	0
其它区域/死亡山谷_布店  	D608	30	22	布店老板	0	3	0	0	0
其它区域/死亡山谷_老吴  	D608	26	27	老吴		0	9	0	0	0
其它区域/祖玛阁_杂货店  	D5063	62	36	杂货店老板	0	1	0	0	0
其它区域/连接通道_老人  	E603	31	191	老人		0	9	0	0	0
其它区域/古墓二层_仓库          D002	174	216	仓库保管员	0	3	0       0       0
其它区域/古墓二层_刘老头	D002	187	214	刘老头  	0	9	0	0	0
其它区域/兽人古墓_奸商  	DM001	4	6	奸商崔氏	0	9	0	0	0
其它区域/天然洞穴_小贩  	DM011	4	6	不法小贩	0	9	0	0	0
其它区域/神秘老人       	Q011	139	120	刘老头  	0	9	0       0       0
其它区域/成男           	Q016	14	21	成男    	0	12	0       0       0
;---------------------------------------------------------------------------------------------------------
幻境-影之道/幻境_幻境小贩  	H003	89	79	幻境小贩	0	3	0	0	0
幻境-影之道/幻境_仓库管理员	H003	80	87	仓库管理员	0	9	0	0	0
幻境-影之道/幻境_幻境小贩  	H007	170	170	幻境商贩	0	3	0	0	0
幻境-影之道/幻境_仓库管理员	H007	160	180	仓库管理员	0	9	0	0	0
幻境-影之道/幻境_幻境向导  	H003	83	83	幻境向导	0	15	0	0	0
幻境-影之道/幻境_幻境向导  	B201	10	10	圣域引路人	0	1	0	0	0
幻境-影之道/影之道_神秘老人     h102    208     226     神秘老人        0       1       0       0       0
幻境-影之道/影之道_禁地看护人   H106    100     93      禁地看护人      0       15      0       0       0
幻境-影之道/影之道_神秘老人	0150	16	8	神秘老人	0	9	0	0	0
幻境-影之道/影之道_沙巴克秘使   H201    20      96      沙巴克秘使      0       9       0       0       0
幻境-影之道/影之道_幻境小贩	H203	21	17	幻境商人	0	3	0	0	0
幻境-影之道/影之道_仓库保管员	H203	18	20	仓库保管处	0	9	0	0	0
幻境-影之道/影之道_神秘老人     H204    54      52      神秘老人        0       9       0       0       0
;---------------------------------------------------------------------------------------------------------
赌场/9Ega	                0101	8	6	赌场老人	0	9	0       0       0
赌场/9Ega	                B010	48	45	赌场老板	0	9	0       0       0
赌场/9Ega	                B011	8	10	赌场助理	0	12	0       0       0
赌场/9Ega	                B012	8	10	赌场助理	0	12	0       0       0
赌场/9Ega	                B013	8	10	赌场助理	0	12	0       0       0
赌场/9Ega	                B101	10	6	赌场小妖女	0	12	0       0       0
赌场/9Ega	                B102	10	6	赌场小妖女	0	12	0       0       0
赌场/9Ega	                B103	10	6	赌场小妖女	0	12	0       0       0
赌场/9Ega	                B104	10	6	赌场小妖女	0	12	0       0       0
赌场/9Ega	                B105	10	6	赌场小妖女	0	12	0       0       0
赌场/9Ega	                B106	10	6	赌场小妖女	0	12	0       0       0
赌场/9Ega	                B107	10	6	赌场小妖女	0	12	0       0       0
赌场/9Ega	                B108	10	6	赌场小妖女	0	12	0       0       0
赌场/9Ega	                B109	10	6	赌场小妖女	0	12	0       0       0
赌场/9Ega	                B110	10	6	赌场小妖女	0	12	0       0       0
赌场/9Ega	                B111	10	6	赌场小妖女	0	12	0       0       0
赌场/9Ega	                B112	10	6	赌场小妖女	0	12	0       0       0
赌场/9Ega	                B113	10	6	赌场小妖女	0	12	0       0       0
赌场/9Ega	                B114	10	6	赌场小妖女	0	12	0       0       0
赌场/9Ega	                B115	10	6	赌场小妖女	0	12	0       0       0
赌场/9Ega	                B116	10	6	赌场小妖女	0	12	0       0       0
赌场/9Ega	                B117	10	6	赌场小妖女	0	12	0       0       0
赌场/9Ega	                B118	10	6	赌场小妖女	0	12	0       0       0
赌场/9Ega	                B119	10	6	赌场小妖女	0	12	0       0       0
赌场/9Ega	                B120	10	6	赌场小妖女	0	12	0       0       0
赌场/9Ega	                B121	10	6	赌场小妖女	0	12	0       0       0
赌场/9Ega	                B122	10	6	赌场小妖女	0	12	0       0       0
赌场/9Ega	                B123	10	6	赌场小妖女	0	12	0       0       0
赌场/9Ega	                B124	10	6	赌场小妖女	0	12	0       0       0
赌场/9Ega	                B125	10	6	赌场小妖女	0	12	0       0       0
赌场/9Ega	                B126	10	6	赌场小妖女	0	12	0       0       0
赌场/9Ega	                B127	10	6	赌场小妖女	0	12	0       0       0
赌场/9Ega	                B128	10	6	赌场小妖女	0	12	0       0       0
赌场/9Ega	                B129	10	6	赌场小妖女	0	12	0       0       0
赌场/9Ega	                B130	10	6	赌场小妖女	0	12	0       0       0
赌场/9Ega	                B131	10	6	赌场小妖女	0	12	0       0       0
赌场/9Ega	                B132	10	6	赌场小妖女	0	12	0       0       0
赌场/9Ega	                B133	10	6	赌场小妖女	0	12	0       0       0
赌场/9Ega	                B134	10	6	赌场小妖女	0	12	0       0       0
赌场/9Ega	                B135	10	6	赌场小妖女	0	12	0       0       0
赌场/9Ega	                B136	10	6	赌场小妖女	0	12	0       0       0
赌场/9Ega	                B137	10	6	赌场小妖女	0	12	0       0       0
赌场/9Ega	                B138	10	6	赌场小妖女	0	12	0       0       0
赌场/9Ega	                B139	10	6	赌场小妖女	0	12	0       0       0
赌场/9Ega	                B140	10	6	赌场小妖女	0	12	0       0       0
赌场/9Ega1	                T105	7	6	恶棍    	0	11	0       0       0
赌场/9Ega2	                T105	6	5	恶棍    	0	11	0       0       0
赌场/9Ega3	                T105	8	7	恶棍    	0	11	0       0       0
赌场/9Ega4	                T105	9	8	恶棍    	0	11	0       0       0
赌场/9Ega5	                T105	10	9	恶棍    	0	11	0       0       0
赌场/9Ega	                T118A	14	15	赌场小妖女	0	12	0       0       0
赌场/9Ega	                T125	11	9	赌场小妖女	0	12	0       0       0
赌场/9Ega	                T1363	10	6	赌场小妖女	0	12	0       0       0
赌场/9Ega	                T138	9	10	赌场小妖女	0	12	0       0       0
