0	天魔神甲	85	50000000|1	380	1	男士40衣|
0	圣战宝甲	88	50000000|1	380	1	女战40衣|
0	法神披风	86	50000000|1	380	1	男法40衣|
0	霓裳羽衣	89	50000000|1	380	1	女法40衣|
0	天尊道袍	87	50000000|1	380	1	男道40衣|
0	天师长袍	90	50000000|1	380	1	女道40衣|
0	炼狱	41	5000000|1	380	1	战士武器|
0	魔杖	42	5000000|1	380	1	法师武器|
0	银蛇	38	5000000|1	380	1	道士武器|
0	祝福油	26	1000000|1	380	1	武器祝福|
1	幽灵项链	219	3000000|1	380	1	战士项链|
1	幽灵手套	186	3000000|1	380	1	战士手镯|
1	龙之戒指	169	3000000|1	380	1	战士戒指|
1	生命项链	320	3000000|1	380	1	法师项链|
1	思贝儿手镯	210	3000000|1	380	1	法师手镯|
1	红宝石戒指	166	3000000|1	380	1	法师戒指|
1	天珠项链	218	3000000|1	380	1	道士项链|
1	心灵手镯	328	3000000|1	380	1	道士手镯|
1	铂金戒指	173	3000000|1	380	1	道士戒指|
1	求婚戒指	170	1000000|1	380	1	求婚戒指|
2	半月弯刀	0	10000000|1	380	1	战士秘笈|
2	野蛮冲撞	0	5000000|1	380	1	战士秘笈|
2	烈火剑法	0	20000000|1	380	1	战士秘笈|
2	地狱雷光	0	5000000|1	380	1	法师秘笈|
2	魔法盾	0	10000000|1	380	1	法师秘笈|
2	圣言术	0	10000000|1	380	1	法师秘笈|
2	冰咆哮	0	20000000|1	380	1	法师秘笈|
2	困魔咒	0	5000000|1	380	1	道士秘笈|
2	群体治疗术	0	10000000|1	380	1	道士秘笈|
2	召唤神兽	0	20000000|1	380	1	道士秘笈|
