;安全区/复活点
;地图号 座标X 座标Y 禁止说话 大小范围 光环类型 PKZONE PKFIRE 
;等待区
;--------------------------------------------------
dengdai	25	25    0       50        0      0       0

;边界村（比奇新人村）
;--------------------------------------------------
0	289	618    0       8        0      0       0
;银杏山谷（银杏新人村）
;--------------------------------------------------
0	650	631    0       8        0      0       0

;安全区/复活点

;比奇城
;--------------------------------------------------
0	334	266     0       10        0      0       0

;毒蛇山谷村庄
;--------------------------------------------------
2	503	483     0       8        0      0       0   

;白日门
;--------------------------------------------------
11	178	326	0	10	0	0	0

;盟重土城
;--------------------------------------------------
3	330	330     0       10       0      0       0

;红名村
;--------------------------------------------------
3	850	675     0       8       0      0       0

;封魔谷
;--------------------------------------------------
4	240	200     0       10       0      0       0

;苍月岛
;--------------------------------------------------
5	141	337     0       10        0      0       0
;魔龙城
;--------------------------------------------------
6       124     156     0       10       0      0        0